# Wavelength Flux
8400.0000000000 2639.2391473753
8400.2500000000 2636.1905506203
8400.5000000000 2641.3491603958
8400.7500000000 2637.0123052336
8401.0000000000 2637.6519551971
8401.2500000000 2638.7316049647
8401.5000000000 2637.6892901169
8401.7500000000 2637.0316702448
8402.0000000000 2638.8886182865
8402.2500000000 2636.3990679241
8402.5000000000 2636.3564195637
8402.7500000000 2631.9324937164
8403.0000000000 2617.7425885548
8403.2500000000 2570.0504535387
8403.5000000000 2488.4916287702
8403.7500000000 2440.4801610800
8404.0000000000 2480.9946084067
8404.2500000000 2553.6381463800
8404.5000000000 2596.7609062454
8404.7500000000 2601.5740173951
8405.0000000000 2597.2386794937
8405.2500000000 2610.8638929114
8405.5000000000 2623.9633368190
8405.7500000000 2631.7620962912
8406.0000000000 2633.6913984153
8406.2500000000 2629.3878274780
8406.5000000000 2624.6036522639
8406.7500000000 2621.0888410294
8407.0000000000 2615.9334665666
8407.2500000000 2612.8657484675
8407.5000000000 2601.9356718705
8407.7500000000 2597.6963428760
8408.0000000000 2601.7586394516
8408.2500000000 2614.2034784890
8408.5000000000 2622.4839856513
8408.7500000000 2630.8659754679
8409.0000000000 2625.4741915417
8409.2500000000 2616.7825057811
8409.5000000000 2612.5274012311
8409.7500000000 2618.3775645578
8410.0000000000 2619.4515923804
8410.2500000000 2611.8511711245
8410.5000000000 2605.5097479808
8410.7500000000 2602.6687380860
8411.0000000000 2610.2219648925
8411.2500000000 2619.7792420905
8411.5000000000 2624.7733086860
8411.7500000000 2628.2379421053
8412.0000000000 2625.4424899346
8412.2500000000 2620.3853764490
8412.5000000000 2617.6413940620
8412.7500000000 2622.4820906026
8413.0000000000 2623.7397624091
8413.2500000000 2609.8039011227
8413.5000000000 2593.1718208515
8413.7500000000 2591.8286981485
8414.0000000000 2585.3828551247
8414.2500000000 2538.9737458984
8414.5000000000 2451.4958688119
8414.7500000000 2424.3676684907
8415.0000000000 2495.4350331400
8415.2500000000 2578.8947961668
8415.5000000000 2613.1130491954
8415.7500000000 2609.3484813867
8416.0000000000 2585.5070780087
8416.2500000000 2564.0322817274
8416.5000000000 2569.4775223534
8416.7500000000 2597.0441603050
8417.0000000000 2617.1927340646
8417.2500000000 2627.6260935498
8417.5000000000 2628.6453284723
8417.7500000000 2628.1930502580
8418.0000000000 2626.5698863812
8418.2500000000 2625.1187464408
8418.5000000000 2621.3985493040
8418.7500000000 2609.5094896932
8419.0000000000 2578.3097539194
8419.2500000000 2541.4638827420
8419.5000000000 2509.1348104848
8419.7500000000 2468.2467592850
8420.0000000000 2393.2821261760
8420.2500000000 2362.3023904474
8420.5000000000 2429.5418484530
8420.7500000000 2518.6265323713
8421.0000000000 2567.8683209946
8421.2500000000 2593.4735140055
8421.5000000000 2602.0670919349
8421.7500000000 2593.5415052033
8422.0000000000 2581.1544531447
8422.2500000000 2574.6700459378
8422.5000000000 2582.6904876732
8422.7500000000 2589.8862773898
8423.0000000000 2601.0120060691
8423.2500000000 2614.7667213847
8423.5000000000 2617.2022648131
8423.7500000000 2619.1231111293
8424.0000000000 2616.4558302712
8424.2500000000 2610.7955094276
8424.5000000000 2591.9199734657
8424.7500000000 2539.6470440382
8425.0000000000 2456.4583583428
8425.2500000000 2411.2208412306
8425.5000000000 2461.9082893131
8425.7500000000 2536.5277027134
8426.0000000000 2548.7392008993
8426.2500000000 2506.2167876059
8426.5000000000 2484.9753159727
8426.7500000000 2523.5155846877
8427.0000000000 2580.1657162269
8427.2500000000 2608.4520088610
8427.5000000000 2604.2303327384
8427.7500000000 2579.9981472396
8428.0000000000 2542.9210433069
8428.2500000000 2498.7161316149
8428.5000000000 2436.3813025272
8428.7500000000 2376.3185023840
8429.0000000000 2398.6718476900
8429.2500000000 2480.0414319104
8429.5000000000 2547.1311472660
8429.7500000000 2585.5793440625
8430.0000000000 2605.6748312724
8430.2500000000 2614.9033496008
8430.5000000000 2619.8281567515
8430.7500000000 2622.3636510159
8431.0000000000 2619.4092978067
8431.2500000000 2617.9312154056
8431.5000000000 2616.3358545282
8431.7500000000 2613.4632797570
8432.0000000000 2605.0751510650
8432.2500000000 2602.9794398111
8432.5000000000 2607.1864093438
8432.7500000000 2611.2425419038
8433.0000000000 2612.5610145385
8433.2500000000 2608.1805404339
8433.5000000000 2602.2890413052
8433.7500000000 2603.7024281584
8434.0000000000 2609.2391413107
8434.2500000000 2609.7113065709
8434.5000000000 2602.6965742890
8434.7500000000 2600.9632292516
8435.0000000000 2606.7552029659
8435.2500000000 2608.7114839599
8435.5000000000 2606.5973578047
8435.7500000000 2596.8826674960
8436.0000000000 2588.4337014599
8436.2500000000 2575.1312123806
8436.5000000000 2537.0632503666
8436.7500000000 2446.1757078861
8437.0000000000 2319.9358267531
8437.2500000000 2238.7789584485
8437.5000000000 2253.6398270114
8437.7500000000 2280.7544535390
8438.0000000000 2313.2873062175
8438.2500000000 2424.0575334938
8438.5000000000 2539.0863433519
8438.7500000000 2588.2690103249
8439.0000000000 2595.8939996944
8439.2500000000 2600.7731337519
8439.5000000000 2606.3668143192
8439.7500000000 2611.0800510181
8440.0000000000 2610.4917035211
8440.2500000000 2609.5162819218
8440.5000000000 2600.9058900393
8440.7500000000 2580.1841595839
8441.0000000000 2542.3840835739
8441.2500000000 2485.9249465562
8441.5000000000 2395.0895783864
8441.7500000000 2287.2486684464
8442.0000000000 2287.9003717486
8442.2500000000 2411.4578913620
8442.5000000000 2520.8358367962
8442.7500000000 2565.3130340468
8443.0000000000 2572.2252897749
8443.2500000000 2578.9785322953
8443.5000000000 2591.8254773875
8443.7500000000 2593.1046782999
8444.0000000000 2587.2540306441
8444.2500000000 2591.7720399180
8444.5000000000 2602.5645813003
8444.7500000000 2606.1408488333
8445.0000000000 2606.6576841132
8445.2500000000 2601.5776636644
8445.5000000000 2594.6119639081
8445.7500000000 2574.9232495018
8446.0000000000 2534.3390817126
8446.2500000000 2500.3303634834
8446.5000000000 2499.3857191913
8446.7500000000 2533.7591953760
8447.0000000000 2570.1848294626
8447.2500000000 2590.9423086719
8447.5000000000 2596.5032911841
8447.7500000000 2590.4204799083
8448.0000000000 2567.4991241128
8448.2500000000 2497.8273771023
8448.5000000000 2398.2492225422
8448.7500000000 2333.0981865555
8449.0000000000 2374.5403979200
8449.2500000000 2473.2592803022
8449.5000000000 2548.5033200282
8449.7500000000 2582.8035334780
8450.0000000000 2590.6758255245
8450.2500000000 2592.4049433040
8450.5000000000 2601.1115604411
8450.7500000000 2604.2240101618
8451.0000000000 2606.1561798358
8451.2500000000 2604.5406629003
8451.5000000000 2599.0638754401
8451.7500000000 2581.7441707625
8452.0000000000 2553.8990280973
8452.2500000000 2519.9888231031
8452.5000000000 2511.4032654725
8452.7500000000 2528.8613461831
8453.0000000000 2544.5103387431
8453.2500000000 2552.6727325041
8453.5000000000 2570.9084432286
8453.7500000000 2591.8558008246
8454.0000000000 2598.8465717571
8454.2500000000 2598.6287282572
8454.5000000000 2598.5099455360
8454.7500000000 2600.2438345681
8455.0000000000 2598.2281465252
8455.2500000000 2597.6648598158
8455.5000000000 2597.9086320329
8455.7500000000 2597.9748046118
8456.0000000000 2596.8456131061
8456.2500000000 2596.2373770409
8456.5000000000 2594.8564358553
8456.7500000000 2598.9092362476
8457.0000000000 2595.7515600591
8457.2500000000 2588.6073167885
8457.5000000000 2574.7706930736
8457.7500000000 2568.4783252272
8458.0000000000 2571.7966159121
8458.2500000000 2575.7706697177
8458.5000000000 2574.2069598892
8458.7500000000 2571.9528003158
8459.0000000000 2569.8593691130
8459.2500000000 2564.5683504725
8459.5000000000 2569.6706289840
8459.7500000000 2577.0133230042
8460.0000000000 2577.7313208788
8460.2500000000 2578.2193487174
8460.5000000000 2581.1094454754
8460.7500000000 2573.5271398196
8461.0000000000 2535.7576359636
8461.2500000000 2506.2329615873
8461.5000000000 2516.7180027723
8461.7500000000 2551.5848824642
8462.0000000000 2571.0472097056
8462.2500000000 2576.0828798606
8462.5000000000 2572.5236560223
8462.7500000000 2581.2384560469
8463.0000000000 2589.2015309109
8463.2500000000 2596.3235627083
8463.5000000000 2595.8677335607
8463.7500000000 2594.5592313784
8464.0000000000 2594.5544059002
8464.2500000000 2599.0821866962
8464.5000000000 2599.6832025743
8464.7500000000 2599.1869902937
8465.0000000000 2597.1867525449
8465.2500000000 2593.1829010743
8465.5000000000 2579.9606226246
8465.7500000000 2564.2420249802
8466.0000000000 2556.2229642772
8466.2500000000 2553.5655978447
8466.5000000000 2566.1215152829
8466.7500000000 2581.6141769936
8467.0000000000 2587.4677758489
8467.2500000000 2581.9712687400
8467.5000000000 2569.1980687851
8467.7500000000 2555.0927600364
8468.0000000000 2540.8318562481
8468.2500000000 2527.2130088652
8468.5000000000 2511.4590576420
8468.7500000000 2503.0126601131
8469.0000000000 2515.7165990566
8469.2500000000 2541.2930516073
8469.5000000000 2558.3265493888
8469.7500000000 2560.5334554992
8470.0000000000 2527.5686291030
8470.2500000000 2408.2667730109
8470.5000000000 2202.4099571239
8470.7500000000 2089.6041139318
8471.0000000000 2205.5947498446
8471.2500000000 2404.7006372660
8471.5000000000 2528.0860142359
8471.7500000000 2568.3955325614
8472.0000000000 2576.1134294992
8472.2500000000 2574.0556784931
8472.5000000000 2577.4829792636
8472.7500000000 2582.2063666971
8473.0000000000 2579.4397625616
8473.2500000000 2568.4465824142
8473.5000000000 2537.7375012710
8473.7500000000 2470.9322079433
8474.0000000000 2412.6142852268
8474.2500000000 2431.2959710914
8474.5000000000 2496.8206947660
8474.7500000000 2542.4711589075
8475.0000000000 2567.4074009556
8475.2500000000 2579.5102083582
8475.5000000000 2577.8547631683
8475.7500000000 2561.5635760267
8476.0000000000 2549.8994994152
8476.2500000000 2556.7860952980
8476.5000000000 2574.1588296594
8476.7500000000 2584.6052067116
8477.0000000000 2587.6069697455
8477.2500000000 2589.7250791981
8477.5000000000 2590.1070115056
8477.7500000000 2590.0669004005
8478.0000000000 2589.0920113527
8478.2500000000 2585.8992520577
8478.5000000000 2579.9240998443
8478.7500000000 2573.2326970132
8479.0000000000 2572.0004105288
8479.2500000000 2570.5820019423
8479.5000000000 2570.3373275755
8479.7500000000 2570.0774794897
8480.0000000000 2575.6370235586
8480.2500000000 2579.8079760330
8480.5000000000 2578.6437804725
8480.7500000000 2577.3421379366
8481.0000000000 2580.3344617542
8481.2500000000 2583.2590394594
8481.5000000000 2582.8692596840
8481.7500000000 2575.3322038316
8482.0000000000 2567.6024210136
8482.2500000000 2565.4651747471
8482.5000000000 2559.8975376874
8482.7500000000 2553.2296299090
8483.0000000000 2555.0332695779
8483.2500000000 2559.3996253588
8483.5000000000 2552.9781239631
8483.7500000000 2519.1509766496
8484.0000000000 2449.3305498040
8484.2500000000 2392.2566482400
8484.5000000000 2419.7459550699
8484.7500000000 2499.0040827124
8485.0000000000 2549.7121653406
8485.2500000000 2559.3336889444
8485.5000000000 2562.6261192322
8485.7500000000 2568.5531059193
8486.0000000000 2576.8149343471
8486.2500000000 2581.5292134029
8486.5000000000 2581.5947759274
8486.7500000000 2577.9868001122
8487.0000000000 2571.9186871457
8487.2500000000 2566.9779229819
8487.5000000000 2568.2587033767
8487.7500000000 2570.6614042142
8488.0000000000 2569.4131251338
8488.2500000000 2572.4665231103
8488.5000000000 2572.9523420998
8488.7500000000 2572.3755918585
8489.0000000000 2573.7135077478
8489.2500000000 2574.9948896766
8489.5000000000 2568.6907354006
8489.7500000000 2554.7962289344
8490.0000000000 2542.3212328252
8490.2500000000 2533.2046875464
8490.5000000000 2532.1736737874
8490.7500000000 2540.0470539424
8491.0000000000 2554.4564558769
8491.2500000000 2564.9735262556
8491.5000000000 2567.4911913750
8491.7500000000 2569.4636421973
8492.0000000000 2569.1496626085
8492.2500000000 2568.2982888830
8492.5000000000 2563.7725112756
8492.7500000000 2564.9615979000
8493.0000000000 2561.4815320670
8493.2500000000 2554.5366071362
8493.5000000000 2544.3554992800
8493.7500000000 2532.8069476466
8494.0000000000 2517.1828258805
8494.2500000000 2497.2896987452
8494.5000000000 2495.7477818408
8494.7500000000 2514.7073286979
8495.0000000000 2530.1162234406
8495.2500000000 2532.6439533290
8495.5000000000 2523.1328592428
8495.7500000000 2511.2721939108
8496.0000000000 2500.6331245699
8496.2500000000 2502.0297055805
8496.5000000000 2505.6464404791
8496.7500000000 2506.2171899071
8497.0000000000 2499.7679177849
8497.2500000000 2491.1369223585
8497.5000000000 2476.3566222678
8497.7500000000 2452.0612610448
8498.0000000000 2417.1263837191
8498.2500000000 2371.9853534127
8498.5000000000 2322.3644130666
8498.7500000000 2272.5394609586
8499.0000000000 2203.1112770620
8499.2500000000 2100.0802791684
8499.5000000000 1947.1054830987
8499.7500000000 1739.4265542895
8500.0000000000 1487.2212495933
8500.2500000000 1296.1051274038
8500.5000000000 1313.8721482866
8500.7500000000 1521.6238064223
8501.0000000000 1770.7571171155
8501.2500000000 1968.4692261732
8501.5000000000 2111.4909081226
8501.7500000000 2216.1759087403
8502.0000000000 2295.4405314797
8502.2500000000 2351.6240984414
8502.5000000000 2396.0816122544
8502.7500000000 2427.3169024295
8503.0000000000 2450.5066567341
8503.2500000000 2462.2005610494
8503.5000000000 2449.5963189360
8503.7500000000 2418.1608610780
8504.0000000000 2392.8033290678
8504.2500000000 2380.7231495012
8504.5000000000 2379.0674879226
8504.7500000000 2406.4730071474
8505.0000000000 2456.2353352686
8505.2500000000 2495.1054206195
8505.5000000000 2512.6034544257
8505.7500000000 2520.7719961634
8506.0000000000 2524.2726629584
8506.2500000000 2527.2287757644
8506.5000000000 2527.2622495756
8506.7500000000 2526.0594617767
8507.0000000000 2521.5768286001
8507.2500000000 2516.7083469169
8507.5000000000 2520.1127180602
8507.7500000000 2530.6298438529
8508.0000000000 2546.2604404383
8508.2500000000 2548.5143963585
8508.5000000000 2549.7768503215
8508.7500000000 2543.6619765765
8509.0000000000 2541.7701689947
8509.2500000000 2550.5192822294
8509.5000000000 2556.2449727315
8509.7500000000 2559.8726928719
8510.0000000000 2559.5058738861
8510.2500000000 2558.4222002551
8510.5000000000 2559.6402356707
8510.7500000000 2559.9812388500
8511.0000000000 2562.1321933737
8511.2500000000 2560.0411198110
8511.5000000000 2560.3837638240
8511.7500000000 2557.2352760273
8512.0000000000 2549.8295131248
8512.2500000000 2540.8805915273
8512.5000000000 2531.4065725147
8512.7500000000 2534.7623451554
8513.0000000000 2540.9233982597
8513.2500000000 2539.6516505491
8513.5000000000 2540.4831236139
8513.7500000000 2543.5110074831
8514.0000000000 2544.4178602236
8514.2500000000 2543.5687583468
8514.5000000000 2546.3509848301
8514.7500000000 2547.6146599445
8515.0000000000 2546.8558989259
8515.2500000000 2543.3070562996
8515.5000000000 2533.2595955491
8515.7500000000 2482.1591006971
8516.0000000000 2342.5926911778
8516.2500000000 2151.2242383094
8516.5000000000 2090.4803384508
8516.7500000000 2179.2641830130
8517.0000000000 2244.8549720960
8517.2500000000 2223.3271178891
8517.5000000000 2235.8140482397
8517.7500000000 2351.4665333358
8518.0000000000 2470.8683585837
8518.2500000000 2524.4293016978
8518.5000000000 2541.2515600882
8518.7500000000 2547.2317826125
8519.0000000000 2544.0527988271
8519.2500000000 2528.9970338986
8519.5000000000 2518.2092904618
8519.7500000000 2521.1793924055
8520.0000000000 2512.7205481758
8520.2500000000 2487.3728066198
8520.5000000000 2462.6838263834
8520.7500000000 2467.4125984289
8521.0000000000 2497.9078241178
8521.2500000000 2519.7018977525
8521.5000000000 2529.3370095472
8521.7500000000 2536.6628618238
8522.0000000000 2543.1239068138
8522.2500000000 2547.6941848147
8522.5000000000 2548.7726736518
8522.7500000000 2541.3571222971
8523.0000000000 2532.3237090507
8523.2500000000 2525.4195877403
8523.5000000000 2521.9521830483
8523.7500000000 2528.1759056457
8524.0000000000 2532.9088133893
8524.2500000000 2535.8319857523
8524.5000000000 2535.6051235836
8524.7500000000 2534.1307997000
8525.0000000000 2531.4600551135
8525.2500000000 2526.7759472295
8525.5000000000 2522.3857998247
8525.7500000000 2520.0728827376
8526.0000000000 2530.0347870864
8526.2500000000 2535.9501004901
8526.5000000000 2537.1636163100
8526.7500000000 2536.3478560062
8527.0000000000 2528.7882435114
8527.2500000000 2523.5723846576
8527.5000000000 2517.0463632491
8527.7500000000 2508.6052842965
8528.0000000000 2496.2297228788
8528.2500000000 2484.5170023278
8528.5000000000 2451.6266096841
8528.7500000000 2373.4273687833
8529.0000000000 2292.7906762818
8529.2500000000 2256.4355046962
8529.5000000000 2249.3195351434
8529.7500000000 2299.3264443189
8530.0000000000 2394.1906111794
8530.2500000000 2464.6906647819
8530.5000000000 2497.5094258117
8530.7500000000 2508.2446655550
8531.0000000000 2510.2719729398
8531.2500000000 2510.9057068249
8531.5000000000 2511.0943960718
8531.7500000000 2505.1932200844
8532.0000000000 2497.7096892116
8532.2500000000 2492.2340852618
8532.5000000000 2492.4646853933
8532.7500000000 2492.8211401554
8533.0000000000 2495.6311946659
8533.2500000000 2496.2282144912
8533.5000000000 2488.3551500676
8533.7500000000 2477.3794228872
8534.0000000000 2468.6163505283
8534.2500000000 2469.4553517154
8534.5000000000 2477.2576473201
8534.7500000000 2478.3872229588
8535.0000000000 2475.3215530405
8535.2500000000 2469.4903550764
8535.5000000000 2463.9169418960
8535.7500000000 2459.1790340021
8536.0000000000 2455.9454024859
8536.2500000000 2451.1238250963
8536.5000000000 2443.2215044916
8536.7500000000 2435.9215931629
8537.0000000000 2428.0764100490
8537.2500000000 2421.0740558889
8537.5000000000 2408.2904953357
8537.7500000000 2393.4067659284
8538.0000000000 2361.8840579200
8538.2500000000 2310.0766140144
8538.5000000000 2273.5661848185
8538.7500000000 2278.9457510084
8539.0000000000 2304.8571284770
8539.2500000000 2309.8227491152
8539.5000000000 2297.2418260588
8539.7500000000 2273.7910818856
8540.0000000000 2238.7535335450
8540.2500000000 2198.0200185183
8540.5000000000 2166.2248002023
8540.7500000000 2142.2631146085
8541.0000000000 2117.6032430640
8541.2500000000 2081.4665641140
8541.5000000000 2037.9766288605
8541.7500000000 1987.5797636851
8542.0000000000 1941.2917293478
8542.2500000000 1883.5148582276
8542.5000000000 1819.9694771238
8542.7500000000 1751.5166610662
8543.0000000000 1671.7493390395
8543.2500000000 1583.2078740350
8543.5000000000 1481.4963122526
8543.7500000000 1356.2830910672
8544.0000000000 1201.8447904586
8544.2500000000 1056.8896354974
8544.5000000000 1019.1611695585
8544.7500000000 1121.1625888150
8545.0000000000 1276.5148625219
8545.2500000000 1410.2541177174
8545.5000000000 1517.1585901495
8545.7500000000 1614.3475721771
8546.0000000000 1703.0090015050
8546.2500000000 1778.6443770723
8546.5000000000 1850.2675465284
8546.7500000000 1914.2167148424
8547.0000000000 1976.4309722903
8547.2500000000 2027.6479108423
8547.5000000000 2074.2697748304
8547.7500000000 2118.4173587644
8548.0000000000 2153.8142360395
8548.2500000000 2185.3201966974
8548.5000000000 2213.7040966472
8548.7500000000 2236.2097542094
8549.0000000000 2260.7449802876
8549.2500000000 2287.7936183083
8549.5000000000 2307.5087352210
8549.7500000000 2315.5734364345
8550.0000000000 2309.0380983965
8550.2500000000 2296.5869563529
8550.5000000000 2308.4506926690
8550.7500000000 2337.3312830775
8551.0000000000 2355.6125606050
8551.2500000000 2362.8379768686
8551.5000000000 2379.4321223013
8551.7500000000 2403.1826661449
8552.0000000000 2421.2240010216
8552.2500000000 2419.2624501230
8552.5000000000 2407.4890658854
8552.7500000000 2396.9921670313
8553.0000000000 2403.8040449064
8553.2500000000 2420.1550130406
8553.5000000000 2436.3102019090
8553.7500000000 2454.0479601579
8554.0000000000 2468.4068908550
8554.2500000000 2475.8621235082
8554.5000000000 2479.4622802711
8554.7500000000 2481.1072113544
8555.0000000000 2486.4888094431
8555.2500000000 2485.3945779364
8555.5000000000 2488.1377663357
8555.7500000000 2491.1784890688
8556.0000000000 2495.4485616800
8556.2500000000 2496.9700318352
8556.5000000000 2496.9339200900
8556.7500000000 2496.7408548401
8557.0000000000 2493.2965623138
8557.2500000000 2482.7866868910
8557.5000000000 2468.9100303219
8557.7500000000 2456.5253701919
8558.0000000000 2455.5526188907
8558.2500000000 2465.6458009547
8558.5000000000 2449.0776651199
8558.7500000000 2367.3290774654
8559.0000000000 2263.5949850266
8559.2500000000 2253.9186792679
8559.5000000000 2356.8503445644
8559.7500000000 2456.0970921593
8560.0000000000 2501.5800000000
8560.2500000000 2513.3513105758
8560.5000000000 2516.5250648305
8560.7500000000 2517.2499609050
8561.0000000000 2519.8150930968
8561.2500000000 2516.1082633603
8561.5000000000 2509.1720705876
8561.7500000000 2486.7784661227
8562.0000000000 2459.6812202501
8562.2500000000 2460.0685374167
8562.5000000000 2486.5644624737
8562.7500000000 2509.0413275517
8563.0000000000 2513.3589733956
8563.2500000000 2508.3645693370
8563.5000000000 2503.8147045746
8563.7500000000 2504.5669443891
8564.0000000000 2506.5027036034
8564.2500000000 2513.1010058511
8564.5000000000 2516.6578974969
8564.7500000000 2519.4605616510
8565.0000000000 2522.5724208584
8565.2500000000 2526.3327210279
8565.5000000000 2525.3345481677
8565.7500000000 2522.0012583748
8566.0000000000 2513.1037322595
8566.2500000000 2510.7986511769
8566.5000000000 2513.1298102024
8566.7500000000 2516.5602225162
8567.0000000000 2515.2345164660
8567.2500000000 2510.5230521735
8567.5000000000 2506.7032840767
8567.7500000000 2501.5333102663
8568.0000000000 2504.5616941648
8568.2500000000 2514.1553996496
8568.5000000000 2521.8437911613
8568.7500000000 2524.8026783860
8569.0000000000 2522.5185742398
8569.2500000000 2513.1733855383
8569.5000000000 2511.2387275484
8569.7500000000 2502.9494152341
8570.0000000000 2497.9688586918
8570.2500000000 2499.2711033073
8570.5000000000 2511.8841625009
8570.7500000000 2518.7555612025
8571.0000000000 2515.0446360145
8571.2500000000 2512.0732087211
8571.5000000000 2506.8469601343
8571.7500000000 2506.9532337559
8572.0000000000 2508.1894846575
8572.2500000000 2513.2558891096
8572.5000000000 2520.3438032824
8572.7500000000 2520.5064448251
8573.0000000000 2520.3958544445
8573.2500000000 2516.4274515930
8573.5000000000 2508.3266052954
8573.7500000000 2486.6892126669
8574.0000000000 2462.9150088492
8574.2500000000 2461.3597679189
8574.5000000000 2488.4705051063
8574.7500000000 2515.5623610878
8575.0000000000 2524.1337162247
8575.2500000000 2519.3408485352
8575.5000000000 2504.5766074105
8575.7500000000 2503.8268627496
8576.0000000000 2509.7224228051
8576.2500000000 2514.8273210557
8576.5000000000 2504.2207271971
8576.7500000000 2482.6689124163
8577.0000000000 2476.9772882949
8577.2500000000 2479.4531342125
8577.5000000000 2479.3557458542
8577.7500000000 2484.9389910907
8578.0000000000 2496.8239140347
8578.2500000000 2500.7019015583
8578.5000000000 2480.7628114726
8578.7500000000 2458.8595741805
8579.0000000000 2464.9220590062
8579.2500000000 2489.8518296403
8579.5000000000 2507.0208473281
8579.7500000000 2518.3450796640
8580.0000000000 2523.5285707859
8580.2500000000 2524.5836873982
8580.5000000000 2518.8487243017
8580.7500000000 2513.4427034296
8581.0000000000 2507.8073972945
8581.2500000000 2503.1394896832
8581.5000000000 2502.9839307201
8581.7500000000 2512.5458290161
8582.0000000000 2521.3132152588
8582.2500000000 2524.8631996130
8582.5000000000 2524.5944699048
8582.7500000000 2526.9788245710
8583.0000000000 2527.3840945154
8583.2500000000 2527.3599675728
8583.5000000000 2524.0282077850
8583.7500000000 2508.5573128054
8584.0000000000 2462.5393211775
8584.2500000000 2360.0946764348
8584.5000000000 2245.9033865826
8584.7500000000 2250.5402251306
8585.0000000000 2362.2256025029
8585.2500000000 2445.6046477981
8585.5000000000 2475.3896896441
8585.7500000000 2492.1691353340
8586.0000000000 2508.4401736662
8586.2500000000 2511.6287420962
8586.5000000000 2502.8157271971
8586.7500000000 2475.6897141261
8587.0000000000 2439.4979455844
8587.2500000000 2434.8477484751
8587.5000000000 2464.5508923122
8587.7500000000 2497.1874251107
8588.0000000000 2516.2949452056
8588.2500000000 2521.7062475965
8588.5000000000 2520.6796443329
8588.7500000000 2515.4566054031
8589.0000000000 2510.9775877527
8589.2500000000 2509.7085750545
8589.5000000000 2516.9316056197
8589.7500000000 2516.4693955414
8590.0000000000 2512.9107498347
8590.2500000000 2501.6664646810
8590.5000000000 2493.5934918379
8590.7500000000 2492.7087174693
8591.0000000000 2502.2041294820
8591.2500000000 2510.2076578946
8591.5000000000 2512.0949226743
8591.7500000000 2507.6046425154
8592.0000000000 2504.3004424169
8592.2500000000 2511.3186882893
8592.5000000000 2518.6410745601
8592.7500000000 2520.7655007713
8593.0000000000 2514.3047790027
8593.2500000000 2506.8708465901
8593.5000000000 2500.7773512042
8593.7500000000 2494.6975137730
8594.0000000000 2496.0094479868
8594.2500000000 2507.4495493549
8594.5000000000 2509.0437360477
8594.7500000000 2486.9018480893
8595.0000000000 2429.7370995280
8595.2500000000 2379.6262477108
8595.5000000000 2398.7313677901
8595.7500000000 2462.1756527699
8596.0000000000 2500.8171427076
8596.2500000000 2511.9675271129
8596.5000000000 2517.2589643313
8596.7500000000 2521.1334156200
8597.0000000000 2520.5508353979
8597.2500000000 2520.8826646614
8597.5000000000 2514.5884814152
8597.7500000000 2493.3188764822
8598.0000000000 2449.7287510556
8598.2500000000 2415.1585245682
8598.5000000000 2429.8046806391
8598.7500000000 2463.0256747253
8599.0000000000 2474.3034502103
8599.2500000000 2452.7990949019
8599.5000000000 2442.0534526730
8599.7500000000 2466.2376725444
8600.0000000000 2495.6812789040
8600.2500000000 2508.4544874783
8600.5000000000 2491.2504467788
8600.7500000000 2425.5422870050
8601.0000000000 2327.1167595244
8601.2500000000 2298.2428792496
8601.5000000000 2376.5829190916
8601.7500000000 2468.3983483427
8602.0000000000 2508.3001391351
8602.2500000000 2518.7629447830
8602.5000000000 2516.5347995637
8602.7500000000 2511.3754849332
8603.0000000000 2492.4393860686
8603.2500000000 2477.4903221022
8603.5000000000 2475.0030367203
8603.7500000000 2494.6537770495
8604.0000000000 2511.6735876545
8604.2500000000 2515.5921653532
8604.5000000000 2513.1142220601
8604.7500000000 2504.2877139443
8605.0000000000 2498.9609072030
8605.2500000000 2497.5249210976
8605.5000000000 2503.6131182021
8605.7500000000 2503.3930878953
8606.0000000000 2495.6168040732
8606.2500000000 2494.5535248823
8606.5000000000 2497.5566235937
8606.7500000000 2503.7606385440
8607.0000000000 2504.4049932029
8607.2500000000 2501.2203801062
8607.5000000000 2500.5403160850
8607.7500000000 2498.8232436943
8608.0000000000 2491.5932826449
8608.2500000000 2476.2701963776
8608.5000000000 2458.8839039341
8608.7500000000 2448.8630610080
8609.0000000000 2436.3566152269
8609.2500000000 2419.2915967703
8609.5000000000 2414.7406038710
8609.7500000000 2452.3144187645
8610.0000000000 2485.7060855152
8610.2500000000 2494.7726732596
8610.5000000000 2497.8741402042
8610.7500000000 2498.6026654779
8611.0000000000 2502.5338289454
8611.2500000000 2504.5863239896
8611.5000000000 2503.8757330226
8611.7500000000 2509.3402046466
8612.0000000000 2503.2268321443
8612.2500000000 2492.3904419586
8612.5000000000 2484.4667216847
8612.7500000000 2490.6669246568
8613.0000000000 2499.5914543557
8613.2500000000 2497.1219756915
8613.5000000000 2458.1288447704
8613.7500000000 2342.0607043606
8614.0000000000 2182.9513654585
8614.2500000000 2154.4670896259
8614.5000000000 2284.1767418717
8614.7500000000 2424.2429320681
8615.0000000000 2485.7703832088
8615.2500000000 2504.2207754333
8615.5000000000 2505.4410301832
8615.7500000000 2491.8631324135
8616.0000000000 2461.1769201424
8616.2500000000 2433.3589988346
8616.5000000000 2442.7965823569
8616.7500000000 2476.7240806355
8617.0000000000 2501.9113559005
8617.2500000000 2508.8962497797
8617.5000000000 2508.0377916415
8617.7500000000 2503.8369536077
8618.0000000000 2467.8667055557
8618.2500000000 2380.8767152100
8618.5000000000 2269.8655324129
8618.7500000000 2258.4684160611
8619.0000000000 2353.6991803675
8619.2500000000 2442.7526718361
8619.5000000000 2480.3228668383
8619.7500000000 2493.3299969567
8620.0000000000 2493.8120108241
8620.2500000000 2480.8291969433
8620.5000000000 2465.4957966016
8620.7500000000 2474.1529980652
8621.0000000000 2491.0495577580
8621.2500000000 2499.5423109672
8621.5000000000 2496.8483394894
8621.7500000000 2496.7165285843
8622.0000000000 2500.0737918568
8622.2500000000 2504.6752138781
8622.5000000000 2503.7980866567
8622.7500000000 2506.2894866259
8623.0000000000 2504.2664480655
8623.2500000000 2481.7804986425
8623.5000000000 2413.8085768137
8623.7500000000 2296.7857814568
8624.0000000000 2244.1672403996
8624.2500000000 2318.2823643481
8624.5000000000 2423.8948489286
8624.7500000000 2477.5674689752
8625.0000000000 2487.2661735494
8625.2500000000 2484.9560624429
8625.5000000000 2490.3578478639
8625.7500000000 2497.4043207055
8626.0000000000 2506.0630258723
8626.2500000000 2507.6972200842
8626.5000000000 2506.5424227586
8626.7500000000 2504.9871773190
8627.0000000000 2505.1666067909
8627.2500000000 2507.7513775805
8627.5000000000 2509.0985746212
8627.7500000000 2506.3710152424
8628.0000000000 2505.1063150583
8628.2500000000 2497.1303840993
8628.5000000000 2484.0137996760
8628.7500000000 2470.8428826811
8629.0000000000 2475.8983874751
8629.2500000000 2485.6090477248
8629.5000000000 2496.5964640899
8629.7500000000 2499.3734297650
8630.0000000000 2498.6005871736
8630.2500000000 2498.5972355545
8630.5000000000 2499.0560290037
8630.7500000000 2499.9997103790
8631.0000000000 2497.4430791224
8631.2500000000 2486.1244808385
8631.5000000000 2476.9323092668
8631.7500000000 2476.7321152086
8632.0000000000 2484.9478663779
8632.2500000000 2492.6941605009
8632.5000000000 2497.5633328230
8632.7500000000 2499.6485906217
8633.0000000000 2503.2398853660
8633.2500000000 2501.3191900849
8633.5000000000 2496.0637773039
8633.7500000000 2489.8845860550
8634.0000000000 2480.1634274772
8634.2500000000 2452.0181042805
8634.5000000000 2401.9145417872
8634.7500000000 2365.1596635681
8635.0000000000 2386.6555089600
8635.2500000000 2431.6591821787
8635.5000000000 2462.3237315380
8635.7500000000 2470.3047483204
8636.0000000000 2464.1735558058
8636.2500000000 2451.7608543954
8636.5000000000 2445.0856656975
8636.7500000000 2455.2626378837
8637.0000000000 2468.5246113512
8637.2500000000 2480.5061043471
8637.5000000000 2486.1928440603
8637.7500000000 2495.2915785715
8638.0000000000 2498.2921451862
8638.2500000000 2494.7632573474
8638.5000000000 2487.4562546230
8638.7500000000 2483.7321341162
8639.0000000000 2477.0171551115
8639.2500000000 2471.4123700960
8639.5000000000 2473.7971883573
8639.7500000000 2486.9020455211
8640.0000000000 2491.1970301638
8640.2500000000 2493.0440691116
8640.5000000000 2491.4994746478
8640.7500000000 2491.8506256674
8641.0000000000 2492.3188558131
8641.2500000000 2493.5135490547
8641.5000000000 2493.0730632582
8641.7500000000 2489.3854088133
8642.0000000000 2486.4706630736
8642.2500000000 2489.2658329839
8642.5000000000 2492.2387702037
8642.7500000000 2494.0648529616
8643.0000000000 2493.8558963294
8643.2500000000 2492.6594062968
8643.5000000000 2489.1349367890
8643.7500000000 2478.7161114374
8644.0000000000 2471.0840865443
8644.2500000000 2464.3004188811
8644.5000000000 2463.8420655489
8644.7500000000 2468.9322708763
8645.0000000000 2473.2058873539
8645.2500000000 2469.8281178035
8645.5000000000 2466.4551369174
8645.7500000000 2468.8052635410
8646.0000000000 2477.3267112060
8646.2500000000 2480.2466200095
8646.5000000000 2480.1389982988
8646.7500000000 2481.8369479376
8647.0000000000 2484.4489270406
8647.2500000000 2486.5429147355
8647.5000000000 2485.7369016464
8647.7500000000 2482.3189883964
8648.0000000000 2481.1065493868
8648.2500000000 2475.6670668162
8648.5000000000 2466.5023167624
8648.7500000000 2462.6749624191
8649.0000000000 2468.2852413771
8649.2500000000 2470.6389067820
8649.5000000000 2468.1741115915
8649.7500000000 2463.8176467450
8650.0000000000 2446.4853353048
8650.2500000000 2402.7846166414
8650.5000000000 2310.1146422816
8650.7500000000 2216.4683759195
8651.0000000000 2227.0179366845
8651.2500000000 2322.2858377121
8651.5000000000 2402.9260673934
8651.7500000000 2434.5891337946
8652.0000000000 2444.3498158099
8652.2500000000 2448.7090770602
8652.5000000000 2453.2231033004
8652.7500000000 2458.6374218449
8653.0000000000 2458.6655796061
8653.2500000000 2454.4011089425
8653.5000000000 2450.4247254509
8653.7500000000 2452.1525394665
8654.0000000000 2450.1141818899
8654.2500000000 2436.3291757444
8654.5000000000 2408.7557960784
8654.7500000000 2387.3536380927
8655.0000000000 2389.9470667813
8655.2500000000 2413.5790142483
8655.5000000000 2431.5384701744
8655.7500000000 2434.0535774983
8656.0000000000 2428.2444428478
8656.2500000000 2418.2964892108
8656.5000000000 2404.8234345656
8656.7500000000 2392.5454301309
8657.0000000000 2392.1304955992
8657.2500000000 2396.3459469885
8657.5000000000 2397.3387585595
8657.7500000000 2396.3425313910
8658.0000000000 2393.0835078096
8658.2500000000 2389.1872084025
8658.5000000000 2380.5664273951
8658.7500000000 2365.4719535502
8659.0000000000 2350.6533415395
8659.2500000000 2339.8719881361
8659.5000000000 2328.1562559744
8659.7500000000 2312.5199634945
8660.0000000000 2300.7226713218
8660.2500000000 2286.2621965554
8660.5000000000 2268.4849374870
8660.7500000000 2245.0979767625
8661.0000000000 2215.8917324439
8661.2500000000 2183.3400446290
8661.5000000000 2149.6980680470
8661.7500000000 2108.0250720649
8662.0000000000 2063.0788531744
8662.2500000000 2008.2172368774
8662.5000000000 1942.4298348905
8662.7500000000 1871.6631389411
8663.0000000000 1788.6426254433
8663.2500000000 1696.7773531996
8663.5000000000 1586.9661469018
8663.7500000000 1445.4894006769
8664.0000000000 1256.8598163922
8664.2500000000 1067.0359881147
8664.5000000000 995.4893191868
8664.7500000000 1093.8938838286
8665.0000000000 1275.2858915541
8665.2500000000 1440.5028202641
8665.5000000000 1568.4247273450
8665.7500000000 1666.3985745730
8666.0000000000 1748.0347930001
8666.2500000000 1833.0052056790
8666.5000000000 1917.6086091210
8666.7500000000 1991.7565363160
8667.0000000000 2046.8348339708
8667.2500000000 2091.7620790311
8667.5000000000 2135.0142968148
8667.7500000000 2169.6715662559
8668.0000000000 2204.8064488341
8668.2500000000 2232.7315045871
8668.5000000000 2256.5082916352
8668.7500000000 2274.1716441381
8669.0000000000 2290.5248572597
8669.2500000000 2293.2808304004
8669.5000000000 2288.1430929124
8669.7500000000 2288.1149277043
8670.0000000000 2310.2779993535
8670.2500000000 2332.6438115300
8670.5000000000 2331.7565078027
8670.7500000000 2326.4263049046
8671.0000000000 2328.0641843597
8671.2500000000 2346.3447987859
8671.5000000000 2372.1403866416
8671.7500000000 2394.6744856066
8672.0000000000 2403.8847813638
8672.2500000000 2403.2741697764
8672.5000000000 2392.3620785441
8672.7500000000 2384.2392715465
8673.0000000000 2377.8434643036
8673.2500000000 2376.1182381561
8673.5000000000 2379.5170088511
8673.7500000000 2373.8524919761
8674.0000000000 2344.3738536419
8674.2500000000 2321.1329252996
8674.5000000000 2343.2535290509
8674.7500000000 2390.1088622530
8675.0000000000 2421.1248644289
8675.2500000000 2432.7030306357
8675.5000000000 2435.1612347990
8675.7500000000 2433.4884453137
8676.0000000000 2421.0985659314
8676.2500000000 2407.4147431652
8676.5000000000 2359.8960494514
8676.7500000000 2238.3535048755
8677.0000000000 2092.0808291564
8677.2500000000 2070.0848196821
8677.5000000000 2176.8508038405
8677.7500000000 2280.9579066384
8678.0000000000 2352.3230516299
8678.2500000000 2410.3396754439
8678.5000000000 2442.6299004211
8678.7500000000 2455.5253883813
8679.0000000000 2459.9396502488
8679.2500000000 2460.0725236345
8679.5000000000 2464.6487441842
8679.7500000000 2460.9159479174
8680.0000000000 2458.3258415156
8680.2500000000 2458.7777741157
8680.5000000000 2462.0130695096
8680.7500000000 2453.7949198648
8681.0000000000 2437.9962390195
8681.2500000000 2416.3157384577
8681.5000000000 2398.6806643366
8681.7500000000 2360.5913615365
8682.0000000000 2292.2374034185
8682.2500000000 2230.5555511923
8682.5000000000 2213.0380919211
8682.7500000000 2252.5644552412
8683.0000000000 2313.5987629775
8683.2500000000 2364.8132265008
8683.5000000000 2412.2147821071
8683.7500000000 2443.5680311708
8684.0000000000 2455.7968224173
8684.2500000000 2452.2181785907
8684.5000000000 2447.8161755895
8684.7500000000 2438.6838318665
8685.0000000000 2422.3321730791
8685.2500000000 2401.8026003744
8685.5000000000 2400.9379844431
8685.7500000000 2422.5349459079
8686.0000000000 2444.1035465997
8686.2500000000 2448.4002064288
8686.5000000000 2449.8814431362
8686.7500000000 2455.2661919390
8687.0000000000 2461.3211475939
8687.2500000000 2467.3455421126
8687.5000000000 2466.5379304097
8687.7500000000 2465.5606963626
8688.0000000000 2457.8904442656
8688.2500000000 2435.7011145538
8688.5000000000 2398.3927434959
8688.7500000000 2374.8291665447
8689.0000000000 2380.1224473737
8689.2500000000 2402.6432615086
8689.5000000000 2417.4331885719
8689.7500000000 2411.1903577946
8690.0000000000 2382.0400943985
8690.2500000000 2299.0270086716
8690.5000000000 2105.5657418682
8690.7500000000 1826.2711054333
8691.0000000000 1668.1458195894
8691.2500000000 1798.6862783648
8691.5000000000 2064.5786521541
8691.7500000000 2230.9962988163
8692.0000000000 2252.5852721213
8692.2500000000 2240.0204952831
8692.5000000000 2292.3628572281
8692.7500000000 2376.6848116456
8693.0000000000 2434.8115250208
8693.2500000000 2454.9236212107
8693.5000000000 2458.2099141993
8693.7500000000 2462.2707130170
8694.0000000000 2459.3095067021
8694.2500000000 2450.9384073378
8694.5000000000 2435.8311474560
8694.7500000000 2429.7864274663
8695.0000000000 2436.8907540733
8695.2500000000 2448.7200496280
8695.5000000000 2453.0445766733
8695.7500000000 2455.9134129937
8696.0000000000 2442.6990778182
8696.2500000000 2429.8690850507
8696.5000000000 2412.2717856169
8696.7500000000 2395.0516578535
8697.0000000000 2383.6576786250
8697.2500000000 2400.3929036997
8697.5000000000 2428.2902926395
8697.7500000000 2448.7322231551
8698.0000000000 2459.1584558330
8698.2500000000 2464.1439364969
8698.5000000000 2462.7087900321
8698.7500000000 2463.5442613792
8699.0000000000 2466.2940461312
8699.2500000000 2462.0000893044
8699.5000000000 2458.2377029511
8699.7500000000 2459.3928847913
8700.0000000000 2463.6169330016
8700.2500000000 2461.2657685710
8700.5000000000 2450.5518120762
8700.7500000000 2420.9357481467
8701.0000000000 2378.1491130889
8701.2500000000 2336.3376987085
8701.5000000000 2265.1620490859
8701.7500000000 2198.9618402250
8702.0000000000 2228.7287562985
8702.2500000000 2339.9547597522
8702.5000000000 2424.2169551249
8702.7500000000 2449.9519289203
8703.0000000000 2443.6809152397
8703.2500000000 2426.0900729808
8703.5000000000 2420.6346052216
8703.7500000000 2435.4156321045
8704.0000000000 2453.5715545461
8704.2500000000 2459.9001150827
8704.5000000000 2457.1481465365
8704.7500000000 2446.8447507874
8705.0000000000 2434.4070119034
8705.2500000000 2415.2608538912
8705.5000000000 2392.4365913500
8705.7500000000 2372.5895639189
8706.0000000000 2374.6906510581
8706.2500000000 2401.6534979248
8706.5000000000 2435.3848523957
8706.7500000000 2454.1046172698
8707.0000000000 2458.6965916843
8707.2500000000 2462.5713750796
8707.5000000000 2461.8932837651
8707.7500000000 2460.6488668261
8708.0000000000 2460.8812787456
8708.2500000000 2462.8314261186
8708.5000000000 2463.1644115217
8708.7500000000 2460.7878900409
8709.0000000000 2452.8246103871
8709.2500000000 2448.1454795759
8709.5000000000 2448.4459603983
8709.7500000000 2450.5104943053
8710.0000000000 2448.0774382169
8710.2500000000 2442.1808189850
8710.5000000000 2440.1297175972
8710.7500000000 2447.7948675676
8711.0000000000 2452.2535807811
8711.2500000000 2450.9763862834
8711.5000000000 2443.8406883297
8711.7500000000 2434.4291323702
8712.0000000000 2410.1681268313
8712.2500000000 2334.8590389656
8712.5000000000 2225.9420933297
8712.7500000000 2176.0890254389
8713.0000000000 2251.7262811616
8713.2500000000 2366.7731353394
8713.5000000000 2433.5258238531
8713.7500000000 2451.9167360052
8714.0000000000 2450.9558754616
8714.2500000000 2436.4116588278
8714.5000000000 2397.5817229921
8714.7500000000 2322.1263797032
8715.0000000000 2225.0649467776
8715.2500000000 2147.3003707999
8715.5000000000 2125.7603985413
8715.7500000000 2196.6408419469
8716.0000000000 2322.4965720785
8716.2500000000 2407.3027422000
8716.5000000000 2438.4526306725
8716.7500000000 2451.2250694187
8717.0000000000 2458.8092148506
8717.2500000000 2459.2347131509
8717.5000000000 2460.3997837259
8717.7500000000 2459.1626200255
8718.0000000000 2455.9729334699
8718.2500000000 2456.0282363832
8718.5000000000 2453.4683779982
8718.7500000000 2451.3958264260
8719.0000000000 2445.5279428897
8719.2500000000 2438.5146600345
8719.5000000000 2409.2199056861
8719.7500000000 2330.9550679486
8720.0000000000 2216.6527652926
8720.2500000000 2169.4747871945
8720.5000000000 2242.3091793653
8720.7500000000 2347.3526421297
8721.0000000000 2406.9680887346
8721.2500000000 2426.9060087543
8721.5000000000 2438.4049658854
8721.7500000000 2440.3490290388
8722.0000000000 2440.9502489338
8722.2500000000 2445.8174020700
8722.5000000000 2450.1989795623
8722.7500000000 2452.2913235903
8723.0000000000 2450.5730986862
8723.2500000000 2450.6682603732
8723.5000000000 2452.2234982685
8723.7500000000 2456.1045911962
8724.0000000000 2458.2409584020
8724.2500000000 2458.8221258802
8724.5000000000 2458.5857251580
8724.7500000000 2454.1568245044
8725.0000000000 2448.3921555991
8725.2500000000 2447.8489759213
8725.5000000000 2451.2167936773
8725.7500000000 2454.5672286619
8726.0000000000 2449.7635310547
8726.2500000000 2437.1359717039
8726.5000000000 2430.6052443984
8726.7500000000 2431.2255558927
8727.0000000000 2432.5234284750
8727.2500000000 2434.1310489297
8727.5000000000 2435.1622633737
8727.7500000000 2438.7511672635
8728.0000000000 2441.0517194572
8728.2500000000 2442.9455611869
8728.5000000000 2448.4451327397
8728.7500000000 2448.5699882872
8729.0000000000 2447.0154105109
8729.2500000000 2445.7156831582
8729.5000000000 2436.7992727386
8729.7500000000 2416.3195033343
8730.0000000000 2359.1841512467
8730.2500000000 2283.9656400373
8730.5000000000 2262.7629953395
8730.7500000000 2311.3991976814
8731.0000000000 2356.5349473096
8731.2500000000 2356.7029297045
8731.5000000000 2346.8040584630
8731.7500000000 2367.4978115726
8732.0000000000 2410.8437690784
8732.2500000000 2434.2883587155
8732.5000000000 2442.0842125839
8732.7500000000 2443.3845568643
8733.0000000000 2439.6130428710
8733.2500000000 2435.6681320713
8733.5000000000 2434.3989919593
8733.7500000000 2441.1571623124
8734.0000000000 2446.6124240700
8734.2500000000 2450.2860769023
8734.5000000000 2450.7369447999
8734.7500000000 2451.1505655077
8735.0000000000 2450.5634191551
8735.2500000000 2448.9440434846
8735.5000000000 2445.9166299968
8735.7500000000 2444.9784886039
8736.0000000000 2445.8210749867
8736.2500000000 2446.7295421515
8736.5000000000 2439.1610888891
8736.7500000000 2425.2606781748
8737.0000000000 2408.7055249488
8737.2500000000 2403.7851350554
8737.5000000000 2391.0692054937
8737.7500000000 2338.7364721679
8738.0000000000 2212.8574760493
8738.2500000000 2063.1812597595
8738.5000000000 2028.6586069352
8738.7500000000 2150.2423563151
8739.0000000000 2296.7964367766
8739.2500000000 2375.5070433423
8739.5000000000 2395.4017658882
8739.7500000000 2403.7304464294
8740.0000000000 2419.1790702485
8740.2500000000 2434.5398162657
8740.5000000000 2440.5367077809
8740.7500000000 2440.8961754312
8741.0000000000 2438.0856914567
8741.2500000000 2440.1197299865
8741.5000000000 2443.4700273509
8741.7500000000 2448.5985282016
8742.0000000000 2449.3466477393
8742.2500000000 2445.5398393118
8742.5000000000 2439.9611473061
8742.7500000000 2423.0693324264
8743.0000000000 2382.9684143287
8743.2500000000 2350.2207256290
8743.5000000000 2363.4789280365
8743.7500000000 2398.6183971863
8744.0000000000 2415.0373754046
8744.2500000000 2384.3897627295
8744.5000000000 2300.9115396825
8744.7500000000 2215.3811331858
8745.0000000000 2231.0620899399
8745.2500000000 2326.2218472074
8745.5000000000 2402.7010536376
8745.7500000000 2427.0637016705
8746.0000000000 2428.4845943245
8746.2500000000 2431.4264443533
8746.5000000000 2435.2695009079
8746.7500000000 2439.8115706932
8747.0000000000 2439.5966335687
8747.2500000000 2433.7026900948
8747.5000000000 2429.6783056166
8747.7500000000 2424.1246506381
8748.0000000000 2420.8457267278
8748.2500000000 2427.0151378525
8748.5000000000 2434.8844501950
8748.7500000000 2437.4199143203
8749.0000000000 2430.5819920299
8749.2500000000 2413.4154925169
8749.5000000000 2383.0346199122
8749.7500000000 2352.6428934303
8750.0000000000 2361.2668954582
8750.2500000000 2398.0159487112
8750.5000000000 2421.7575071738
8750.7500000000 2424.1345461290
8751.0000000000 2420.8248454463
8751.2500000000 2420.6627566820
8751.5000000000 2419.5711600147
8751.7500000000 2420.9742789438
8752.0000000000 2419.1100757928
8752.2500000000 2412.8031440656
8752.5000000000 2408.7664524734
8752.7500000000 2403.8872303955
8753.0000000000 2403.9061273292
8753.2500000000 2389.0612223488
8753.5000000000 2371.2334514931
8753.7500000000 2339.0167341345
8754.0000000000 2270.1224369679
8754.2500000000 2179.3030446421
8754.5000000000 2167.1694395974
8754.7500000000 2262.5975446585
8755.0000000000 2362.6510286361
8755.2500000000 2405.7911539346
8755.5000000000 2413.9902877502
8755.7500000000 2415.1200368199
8756.0000000000 2415.4382749984
8756.2500000000 2422.3365892236
8756.5000000000 2429.8192519734
8756.7500000000 2433.5596025356
8757.0000000000 2437.1718281092
8757.2500000000 2434.7938186812
8757.5000000000 2435.2138966936
8757.7500000000 2428.9116957262
8758.0000000000 2422.4078201949
8758.2500000000 2422.4717873760
8758.5000000000 2423.6091397697
8758.7500000000 2417.8375373920
8759.0000000000 2363.5552891074
8759.2500000000 2237.1561463838
8759.5000000000 2118.3521810533
8759.7500000000 2144.9855862568
8760.0000000000 2282.6722548498
8760.2500000000 2388.7653304369
8760.5000000000 2423.9080583245
8760.7500000000 2430.5660654937
8761.0000000000 2435.6427153193
8761.2500000000 2436.7888919429
8761.5000000000 2435.0737556759
8761.7500000000 2434.2287411075
8762.0000000000 2431.4421013539
8762.2500000000 2430.1619783679
8762.5000000000 2433.3127005537
8762.7500000000 2438.8922438345
8763.0000000000 2438.0391371735
8763.2500000000 2435.8776034851
8763.5000000000 2432.0717856354
8763.7500000000 2421.8557974809
8764.0000000000 2419.9763992571
8764.2500000000 2422.1071262183
8764.5000000000 2426.8967537567
8764.7500000000 2433.3774124452
8765.0000000000 2435.9848890982
8765.2500000000 2436.6757085408
8765.5000000000 2433.2724515928
8765.7500000000 2423.8490905641
8766.0000000000 2402.8666128685
8766.2500000000 2376.0190035408
8766.5000000000 2375.3325891989
8766.7500000000 2399.2173396143
8767.0000000000 2413.8134817403
8767.2500000000 2418.4981760882
8767.5000000000 2424.7939234312
8767.7500000000 2429.2010897195
8768.0000000000 2432.7885346175
8768.2500000000 2420.5469358729
8768.5000000000 2390.3907292169
8768.7500000000 2355.4179777056
8769.0000000000 2339.0987615576
8769.2500000000 2363.0871687396
8769.5000000000 2398.7669509924
8769.7500000000 2413.3905749998
8770.0000000000 2416.7121036312
8770.2500000000 2422.9244857839
8770.5000000000 2426.3772026465
8770.7500000000 2424.5218108328
8771.0000000000 2418.5211872400
8771.2500000000 2415.0551190288
8771.5000000000 2420.8478319270
8771.7500000000 2428.1390119794
8772.0000000000 2429.8059437471
8772.2500000000 2429.8192064207
8772.5000000000 2423.4566275055
8772.7500000000 2403.1708858892
8773.0000000000 2385.5782424692
8773.2500000000 2392.1032202407
8773.5000000000 2411.3245434428
8773.7500000000 2422.5392103828
8774.0000000000 2423.7409757125
8774.2500000000 2418.0572213352
8774.5000000000 2397.9994768285
8774.7500000000 2337.1499722327
8775.0000000000 2225.5414325418
8775.2500000000 2146.5561850189
8775.5000000000 2169.3620381015
8775.7500000000 2207.6263759349
8776.0000000000 2153.3205002811
8776.2500000000 2082.3787496342
8776.5000000000 2131.6727824910
8776.7500000000 2269.0401651457
8777.0000000000 2368.6409962625
8777.2500000000 2407.2662952650
8777.5000000000 2419.7489140264
8777.7500000000 2416.6015802795
8778.0000000000 2415.9532120086
8778.2500000000 2420.9346127292
8778.5000000000 2426.5962666395
8778.7500000000 2430.4340772348
8779.0000000000 2430.8864464775
8779.2500000000 2433.3133283910
8779.5000000000 2434.3072521976
8779.7500000000 2431.1257888350
8780.0000000000 2430.4148014663
8780.2500000000 2423.5634457194
8780.5000000000 2415.1935571942
8780.7500000000 2401.6095279723
8781.0000000000 2389.5379985473
8781.2500000000 2379.6053854445
8781.5000000000 2380.8131627811
8781.7500000000 2395.4600921470
8782.0000000000 2411.8982764814
8782.2500000000 2418.6439229719
8782.5000000000 2417.9567163414
8782.7500000000 2413.2674298767
8783.0000000000 2406.8400224406
8783.2500000000 2407.6995528336
8783.5000000000 2418.8448595705
8783.7500000000 2426.2310665743
8784.0000000000 2428.3941195079
8784.2500000000 2429.7334244726
8784.5000000000 2429.2762413692
8784.7500000000 2428.6423020609
8785.0000000000 2427.7870640651
8785.2500000000 2428.3190466922
8785.5000000000 2424.3741566699
8785.7500000000 2420.4616823320
8786.0000000000 2418.3606488037
8786.2500000000 2406.5633966686
8786.5000000000 2375.3386206758
8786.7500000000 2342.5712038218
8787.0000000000 2342.9749056474
8787.2500000000 2377.1243091537
8787.5000000000 2405.5293774627
8787.7500000000 2422.2550661249
8788.0000000000 2426.9982495386
8788.2500000000 2427.1948137005
8788.5000000000 2427.8567307611
8788.7500000000 2427.0873718044
8789.0000000000 2424.0212830334
8789.2500000000 2426.4132758558
8789.5000000000 2424.0928170459
8789.7500000000 2427.1955491141
8790.0000000000 2426.5897403094
8790.2500000000 2426.3616935780
8790.5000000000 2425.6104663815
8790.7500000000 2423.1913115247
8791.0000000000 2420.2104189526
8791.2500000000 2420.4688300438
8791.5000000000 2415.0909563464
8791.7500000000 2411.4100616473
8792.0000000000 2396.9306118114
8792.2500000000 2344.3733199213
8792.5000000000 2231.0112486419
8792.7500000000 2114.1931598345
8793.0000000000 2118.3002070573
8793.2500000000 2242.0297833679
8793.5000000000 2352.6629470466
8793.7500000000 2393.3071560185
8794.0000000000 2403.0732273128
8794.2500000000 2407.1752065807
8794.5000000000 2408.9255596996
8794.7500000000 2398.6498114295
8795.0000000000 2356.0180948418
8795.2500000000 2250.4098922444
8795.5000000000 2096.1394766688
8795.7500000000 2020.5447114416
8796.0000000000 2116.4526699266
8796.2500000000 2276.2205370266
8796.5000000000 2371.7559845988
8796.7500000000 2404.1767507852
8797.0000000000 2411.9482128026
8797.2500000000 2417.1991026316
8797.5000000000 2418.2767934386
8797.7500000000 2420.2000677405
8798.0000000000 2410.1179595934
8798.2500000000 2398.4624607508
8798.5000000000 2372.7466449917
8798.7500000000 2344.3487182958
8799.0000000000 2339.0608852379
8799.2500000000 2365.8745020166
8799.5000000000 2392.8342170629
8799.7500000000 2409.2098560552
8800.0000000000 2411.6269925144
8800.2500000000 2406.0920442101
8800.5000000000 2398.6199534158
8800.7500000000 2397.9227834187
8801.0000000000 2404.5507157320
8801.2500000000 2409.6220914307
8801.5000000000 2414.2416799808
8801.7500000000 2415.9830068609
8802.0000000000 2414.8456851220
8802.2500000000 2416.8571470789
8802.5000000000 2417.2939041972
8802.7500000000 2414.8409512146
8803.0000000000 2410.3934248057
8803.2500000000 2409.7325006181
8803.5000000000 2403.7026083899
8803.7500000000 2404.7862639924
8804.0000000000 2407.0422259885
8804.2500000000 2407.3905045461
8804.5000000000 2404.5285104597
8804.7500000000 2404.3039735707
8805.0000000000 2402.0399168968
8805.2500000000 2401.9618458549
8805.5000000000 2398.0436207701
8805.7500000000 2394.7502126711
8806.0000000000 2385.5217873746
8806.2500000000 2374.5563547990
8806.5000000000 2334.0691651590
8806.7500000000 2240.6154024448
8807.0000000000 2158.1501161118
8807.2500000000 2179.2168114203
8807.5000000000 2246.4028236126
8807.7500000000 2270.6245080475
8808.0000000000 2245.5368727864
8808.2500000000 2158.8674061909
8808.5000000000 1995.1781173506
8808.7500000000 1741.6892451874
8809.0000000000 1496.1151460981
8809.2500000000 1441.9025468485
8809.5000000000 1628.3074392464
8809.7500000000 1893.8686196359
8810.0000000000 2081.1295136848
8810.2500000000 2158.8852859129
8810.5000000000 2183.2304569649
8810.7500000000 2230.1378494709
8811.0000000000 2297.8964536788
8811.2500000000 2333.4388575732
8811.5000000000 2319.2296257472
8811.7500000000 2291.3555257601
8812.0000000000 2302.8275478299
8812.2500000000 2347.5475394831
8812.5000000000 2383.7497593571
8812.7500000000 2396.5981051528
8813.0000000000 2400.4299542998
8813.2500000000 2403.8367999254
8813.5000000000 2404.3901805823
8813.7500000000 2405.0884890233
8814.0000000000 2405.0487722209
8814.2500000000 2406.8203987897
8814.5000000000 2406.6931136030
8814.7500000000 2402.7677093532
8815.0000000000 2399.2562083381
8815.2500000000 2393.2637252230
8815.5000000000 2393.1461984820
8815.7500000000 2398.0603957157
8816.0000000000 2400.9797394871
8816.2500000000 2392.4197753139
8816.5000000000 2359.0657245317
8816.7500000000 2307.7363015086
8817.0000000000 2295.8929909290
8817.2500000000 2336.8953228591
8817.5000000000 2385.7176095448
8817.7500000000 2406.8561457658
8818.0000000000 2409.1528641457
8818.2500000000 2405.4256660990
8818.5000000000 2399.4657924631
8818.7500000000 2386.4485359608
8819.0000000000 2354.3288728603
8819.2500000000 2326.0702435704
8819.5000000000 2337.7079483777
8819.7500000000 2375.3528790104
8820.0000000000 2399.5880598260
8820.2500000000 2404.0254938750
8820.5000000000 2399.6229598031
8820.7500000000 2394.1620747032
8821.0000000000 2386.7778313643
8821.2500000000 2384.7704740009
8821.5000000000 2380.0628494284
8821.7500000000 2369.1342350993
8822.0000000000 2369.6333978760
8822.2500000000 2383.8567926814
8822.5000000000 2398.8211051258
8822.7500000000 2403.8944816693
8823.0000000000 2402.3740155231
8823.2500000000 2395.7682521160
8823.5000000000 2387.6023885654
8823.7500000000 2384.8827704473
8824.0000000000 2389.0407474705
8824.2500000000 2395.1538989822
8824.5000000000 2395.6436454342
8824.7500000000 2392.7828814061
8825.0000000000 2386.8262800272
8825.2500000000 2382.5267209366
8825.5000000000 2373.7396807686
8825.7500000000 2345.2016773629
8826.0000000000 2247.9503918529
8826.2500000000 2040.7230649309
8826.5000000000 1814.6827200478
8826.7500000000 1791.4078082900
8827.0000000000 1999.0140047661
8827.2500000000 2220.9682708818
8827.5000000000 2337.7002642143
8827.7500000000 2377.5272116343
8828.0000000000 2389.2312828144
8828.2500000000 2395.8784813581
8828.5000000000 2398.8958794895
8828.7500000000 2400.5704628373
8829.0000000000 2400.6760779167
8829.2500000000 2400.0512792451
8829.5000000000 2397.7796472836
8829.7500000000 2393.5708009317
8830.0000000000 2388.9945767212
8830.2500000000 2378.7842474242
8830.5000000000 2370.6381194726
8830.7500000000 2376.4647800374
8831.0000000000 2384.5461897956
8831.2500000000 2389.3189437513
8831.5000000000 2390.8545547393
8831.7500000000 2397.2983211579
8832.0000000000 2399.4277509505
8832.2500000000 2400.4709864569
8832.5000000000 2404.5173352101
8832.7500000000 2404.8678603609
8833.0000000000 2400.1097469116
8833.2500000000 2402.4426970236
8833.5000000000 2402.8010268130
8833.7500000000 2402.8111106379
8834.0000000000 2403.4876052235
8834.2500000000 2402.5674299647
8834.5000000000 2403.4452362983
8834.7500000000 2402.3178085202
8835.0000000000 2402.1118469612
8835.2500000000 2401.1918274894
8835.5000000000 2396.5230762353
8835.7500000000 2392.8069290264
8836.0000000000 2378.3954874499
8836.2500000000 2354.0432963420
8836.5000000000 2346.7594872006
8836.7500000000 2366.6204571794
8837.0000000000 2391.6820303379
8837.2500000000 2398.7092328617
8837.5000000000 2397.1685926072
8837.7500000000 2390.9009403676
8838.0000000000 2380.3949264904
8838.2500000000 2365.9413858777
8838.5000000000 2354.9934140304
8838.7500000000 2352.1323268011
8839.0000000000 2365.4199107841
8839.2500000000 2378.9633055745
8839.5000000000 2384.7142910626
8839.7500000000 2382.8627257282
8840.0000000000 2366.3432704035
8840.2500000000 2311.5427595718
8840.5000000000 2200.4685619726
8840.7500000000 2088.6458162237
8841.0000000000 2103.3308424748
8841.2500000000 2231.5405989448
8841.5000000000 2330.6849355848
8841.7500000000 2362.2247213347
8842.0000000000 2359.0314377207
8842.2500000000 2355.0718003232
8842.5000000000 2362.4159349142
8842.7500000000 2368.8414809490
8843.0000000000 2377.8028009045
8843.2500000000 2376.5543159975
8843.5000000000 2369.2120267106
8843.7500000000 2365.3066383858
8844.0000000000 2371.0250285380
8844.2500000000 2376.6290513940
8844.5000000000 2371.6492274165
8844.7500000000 2355.7085466217
8845.0000000000 2344.2436997871
8845.2500000000 2353.0852910149
8845.5000000000 2370.9980607340
8845.7500000000 2383.7558981279
8846.0000000000 2389.7488743675
8846.2500000000 2392.1192824903
8846.5000000000 2396.4598325188
8846.7500000000 2395.0922352698
8847.0000000000 2394.6255480110
8847.2500000000 2396.1274511505
8847.5000000000 2393.3190856560
8847.7500000000 2393.4822025422
8848.0000000000 2391.0273410027
8848.2500000000 2383.0083142346
8848.5000000000 2362.5621733820
8848.7500000000 2309.0741037660
8849.0000000000 2237.1097146600
8849.2500000000 2222.0807258672
8849.5000000000 2287.8405341756
8849.7500000000 2355.1589326748
8850.0000000000 2383.9197954474
8850.2500000000 2388.9145014030
8850.5000000000 2384.7403720241
8850.7500000000 2376.9801170576
8851.0000000000 2374.0206674392
8851.2500000000 2378.9956702680
8851.5000000000 2385.4003898851
8851.7500000000 2385.9040185826
8852.0000000000 2385.8237995492
8852.2500000000 2384.4845855593
8852.5000000000 2384.5172997681
8852.7500000000 2387.1871743977
8853.0000000000 2386.9337575405
8853.2500000000 2386.6853037357
8853.5000000000 2389.5196084037
8853.7500000000 2385.0980008728
8854.0000000000 2382.9676309424
8854.2500000000 2384.1548549894
8854.5000000000 2388.5885160325
8854.7500000000 2389.0866629456
8855.0000000000 2388.0107753281
8855.2500000000 2387.5594698207
8855.5000000000 2384.9267333157
8855.7500000000 2382.9902627955
8856.0000000000 2381.2857195938
8856.2500000000 2377.4606023658
8856.5000000000 2380.7724271895
8856.7500000000 2382.8395996220
8857.0000000000 2387.0860324817
8857.2500000000 2384.9553048156
8857.5000000000 2385.4258692154
8857.7500000000 2383.4820169342
8858.0000000000 2379.4122478856
8858.2500000000 2377.8889983932
8858.5000000000 2378.0455924334
8858.7500000000 2378.8920193570
8859.0000000000 2380.6289599146
8859.2500000000 2381.5510915659
8859.5000000000 2377.6080968391
8859.7500000000 2376.7289344004
8860.0000000000 2374.3454278404
8860.2500000000 2376.8259542246
8860.5000000000 2375.7107357270
8860.7500000000 2376.4447107245
8861.0000000000 2371.9958132959
8861.2500000000 2368.3883246208
8861.5000000000 2368.9571639865
8861.7500000000 2364.4148139885
8862.0000000000 2358.7869635634
8862.2500000000 2355.3628781056
8862.5000000000 2351.1253549634
8862.7500000000 2356.3022078847
8863.0000000000 2359.1685265578
8863.2500000000 2352.3302127396
8863.5000000000 2345.0434052653
8863.7500000000 2336.2161373218
8864.0000000000 2318.3005320239
8864.2500000000 2279.2156400843
8864.5000000000 2219.4892821722
8864.7500000000 2151.5171385804
8865.0000000000 2132.1690582993
8865.2500000000 2193.0147685719
8865.5000000000 2266.8955737656
8865.7500000000 2293.2859542593
8866.0000000000 2293.8255039943
8866.2500000000 2307.2409419617
8866.5000000000 2328.1371520032
8866.7500000000 2343.6603051973
8867.0000000000 2349.7231294834
8867.2500000000 2352.7044578344
8867.5000000000 2350.2493413940
8867.7500000000 2350.3586875665
8868.0000000000 2347.5262238744
8868.2500000000 2344.4201219944
8868.5000000000 2326.5701832337
8868.7500000000 2256.3451822719
8869.0000000000 2099.5250077852
8869.2500000000 1951.5463602232
8869.5000000000 1967.9810865021
8869.7500000000 2128.7314352324
8870.0000000000 2267.6657048998
8870.2500000000 2316.0131227742
8870.5000000000 2285.2731375828
8870.7500000000 2237.0370545326
8871.0000000000 2241.9491897608
8871.2500000000 2302.7831223489
8871.5000000000 2351.3758848146
8871.7500000000 2370.8217227635
8872.0000000000 2372.9632623635
8872.2500000000 2372.9366570150
8872.5000000000 2372.7868753055
8872.7500000000 2371.6756408221
8873.0000000000 2373.1068454482
8873.2500000000 2374.2379445348
8873.5000000000 2376.5928655152
8873.7500000000 2378.5449348468
8874.0000000000 2377.9433563430
8874.2500000000 2376.5426213119
8874.5000000000 2377.5683085499
8874.7500000000 2378.6035824508
8875.0000000000 2378.8794242961
8875.2500000000 2376.5111793227
8875.5000000000 2371.2869397831
8875.7500000000 2368.8069471402
8876.0000000000 2364.4512454331
8876.2500000000 2362.1353965090
8876.5000000000 2356.6212790125
8876.7500000000 2346.3743284039
8877.0000000000 2351.1593262976
8877.2500000000 2362.0347125326
8877.5000000000 2368.5226462802
8877.7500000000 2360.2955691925
8878.0000000000 2327.0618771598
8878.2500000000 2267.2753337230
8878.5000000000 2240.7218051377
8878.7500000000 2273.1753091035
8879.0000000000 2322.3346118583
8879.2500000000 2344.5947025962
8879.5000000000 2349.0032445078
8879.7500000000 2358.2538260399
8880.0000000000 2365.2752326877
8880.2500000000 2354.4489277850
8880.5000000000 2324.4390647298
8880.7500000000 2292.2153645119
8881.0000000000 2273.7226176957
8881.2500000000 2283.2278495083
8881.5000000000 2319.3202321681
8881.7500000000 2354.0594263528
8882.0000000000 2370.5468252657
8882.2500000000 2372.5402278242
8882.5000000000 2372.4322628838
8882.7500000000 2372.3112383094
8883.0000000000 2368.2236514301
8883.2500000000 2368.1719006968
8883.5000000000 2369.5967384880
8883.7500000000 2371.4984065588
8884.0000000000 2370.7414722674
8884.2500000000 2371.0298932524
8884.5000000000 2366.5365121151
8884.7500000000 2359.0568951931
8885.0000000000 2354.5128204192
8885.2500000000 2358.9227171090
8885.5000000000 2359.2458775480
8885.7500000000 2347.4870666062
8886.0000000000 2330.6173647157
8886.2500000000 2319.0387424310
8886.5000000000 2323.3502194533
8886.7500000000 2336.2478797946
8887.0000000000 2352.5068000229
8887.2500000000 2363.6064428048
8887.5000000000 2365.9533262189
8887.7500000000 2364.6136859738
8888.0000000000 2365.4963433094
8888.2500000000 2372.1155919289
8888.5000000000 2373.8100612465
8888.7500000000 2373.4009989597
8889.0000000000 2368.5062403126
8889.2500000000 2358.4934561174
8889.5000000000 2351.1091309819
8889.7500000000 2356.6388549133
8890.0000000000 2366.7673418306
8890.2500000000 2376.5733345352
8890.5000000000 2376.1110004918
8890.7500000000 2375.7292669664
8891.0000000000 2373.9109958273
8891.2500000000 2375.9654359838
8891.5000000000 2374.8965745793
8891.7500000000 2372.8132168744
8892.0000000000 2369.1775337699
8892.2500000000 2367.0529735189
8892.5000000000 2367.0145946077
8892.7500000000 2373.1401648447
8893.0000000000 2371.9273893486
8893.2500000000 2363.3046328307
8893.5000000000 2344.8668711213
8893.7500000000 2330.1854260652
8894.0000000000 2332.9512709948
8894.2500000000 2344.2059713120
8894.5000000000 2337.2319896750
8894.7500000000 2287.8125901819
8895.0000000000 2217.4528821101
8895.2500000000 2205.7974643880
8895.5000000000 2268.9292507704
8895.7500000000 2330.3329615932
8896.0000000000 2356.1540416252
8896.2500000000 2357.4639813298
8896.5000000000 2359.3231905618
8896.7500000000 2363.0335520008
8897.0000000000 2363.8812452888
8897.2500000000 2362.4816771533
8897.5000000000 2361.4205457966
8897.7500000000 2361.8936363357
8898.0000000000 2366.0564265774
8898.2500000000 2365.7362407005
8898.5000000000 2365.3521611650
8898.7500000000 2366.0706639178
8899.0000000000 2367.3542838035
8899.2500000000 2366.7153249073
8899.5000000000 2356.2705156941
8899.7500000000 2339.4027187822
8900.0000000000 2325.8910439032
